using System;
using System.Collections.Generic;
using System.Linq;
using System.Text;

namespace Rawr.Moonkin
{
    public class CastDistributions
    {
        #region New Data

        public static double[, ,] TimeDistribution = new double[50, 50, 7]
{
{
{ 0.404335048685695, 0.0798623041459871, 0.322797835886639, 0.0698795410861439, 0.0499139484107103, 0.0266222988308451, 0.046589022953979 },
{ 0.400108021484259, 0.0800130221921981, 0.326645492669304, 0.0699882633461, 0.049991550014964, 0.0266376910156999, 0.0466159592774748 },
{ 0.400171617487067, 0.0800206581252132, 0.326689301708147, 0.0700014644454776, 0.0499985125448122, 0.0265885257051939, 0.0465299199840893 },
{ 0.40152248585301, 0.0802974505936684, 0.32456232220107, 0.0702599932283407, 0.0501858146073364, 0.0266079758242092, 0.0465639576923661 },
{ 0.402991909644907, 0.0805860104608709, 0.322389645680873, 0.0705167637612213, 0.050367591407364, 0.0265993014708232, 0.0465487775739406 },
{ 0.416073294339723, 0.0710333941971467, 0.321255043576559, 0.0710052045466409, 0.0473384261741497, 0.0266525953330113, 0.0466420418327697 },
{ 0.407347456696324, 0.0814590839005526, 0.315795475549065, 0.0713024210525116, 0.0509293693936625, 0.0266058885119579, 0.0465603048959263 },
{ 0.410406787492157, 0.082071220739678, 0.31122202304892, 0.0718148318171521, 0.0512953508522767, 0.0266144676544784, 0.0465753183953372 },
{ 0.434134524484176, 0.0620142562956459, 0.313543496029054, 0.0723523430578282, 0.044788866451158, 0.0266060049753229, 0.0465605087068151 },
{ 0.458322676649073, 0.0416656978771885, 0.31586412146295, 0.0728917203376038, 0.0381813773196972, 0.0265725114012682, 0.0465018949522193 },
{ 0.495069335391658, 0.0105333901147161, 0.31941191344388, 0.0737104415639722, 0.0280801682148466, 0.026616273189428, 0.046578478081499 },
{ 0.462504849272194, 0.0425238410089942, 0.308431290580883, 0.0744485385732275, 0.0389952227608457, 0.0265804573832204, 0.0465158004206357 },
{ 0.45105326148014, 0.0536963233441446, 0.304192494790172, 0.0751485872020038, 0.0429427757901055, 0.0265332935976123, 0.0464332637958216 },
{ 0.473392759324735, 0.0326477765051541, 0.308434174924888, 0.0762013843932075, 0.036286373520575, 0.0265591023023422, 0.0464784290290988 },
{ 0.430416794182234, 0.0662128746980987, 0.305255721656163, 0.0772220845888329, 0.0478050092189935, 0.0265772784202466, 0.0465102372354315 },
{ 0.536058545190481, 0, 0.286727524131322, 0.0781984156721788, 0.0260661385573929, 0.0265270459813183, 0.0464223304673071 },
{ 0.442681712578825, 0.056754065715234, 0.302699549950216, 0.0794472923996017, 0.0454004527049452, 0.0265516096913375, 0.0464653169598407 },
{ 0.387320933016715, 0.0809063564857447, 0.323720378313906, 0.0809040443338552, 0.0539368002732, 0.0266223591187559, 0.0465891284578229 },
{ 0.393925898455603, 0.0940235767602873, 0.297808108881669, 0.0822563874718233, 0.0587511145801297, 0.0266308777638135, 0.0466040360866737 },
{ 0.381975940117899, 0.0954358022188617, 0.306355711326877, 0.0835223495924266, 0.0596527172704295, 0.0265663561721841, 0.0464911233013222 },
{ 0.402427219708822, 0.0853283545113179, 0.296732800503449, 0.0853312809328276, 0.0568865451480485, 0.0266522906165582, 0.0466415085789769 },
{ 0.434380654611308, 0.0620373591839996, 0.293801715358598, 0.0868934759913713, 0.0496491586992996, 0.0266318676928813, 0.0466057684625423 },
{ 0.467697320300552, 0.0379214043486934, 0.290680584081388, 0.0884402900458807, 0.0421172401090498, 0.0265975131325221, 0.0465456479819137 },
{ 0.450557512224107, 0.0514922871113265, 0.287574112312406, 0.0901337089251749, 0.0472130913629589, 0.0265561047505552, 0.0464731833134716 },
{ 0.506085997721695, 0.0131450908499141, 0.280570306973408, 0.0920621319756494, 0.0350712883716759, 0.0265691578573303, 0.046496026250328 },
{ 0.395185271182206, 0.0936919043274221, 0.281343973948082, 0.0936398010809144, 0.0624361752726512, 0.0268010451595363, 0.0469018290291885 },
{ 0.45887519112199, 0.0547910675966555, 0.264918305722217, 0.0958845670278499, 0.0502296337422763, 0.0273822671960041, 0.0479189675930072 },
{ 0.379456307164957, 0.0982721497051754, 0.281174947652733, 0.0982923452123958, 0.065529260718946, 0.02809999619847, 0.0491749933473226 },
{ 0.364448535624296, 0.114147678258764, 0.271606042920887, 0.099907648248601, 0.0713517755024551, 0.0285593888890896, 0.0499789305559068 },
{ 0.352256867284739, 0.117220043017264, 0.273916051095517, 0.102612865101753, 0.0732776360396725, 0.0293514681676559, 0.0513650692933978 },
{ 0.389192459649118, 0.0897181004308159, 0.269332408697474, 0.10469104725972, 0.0647964181806271, 0.029916205738998, 0.0523533600432465 },
{ 0.414337493670562, 0.0766480335711473, 0.255838201773715, 0.107397496714586, 0.061354052252408, 0.0306998989154839, 0.0537248231020969 },
{ 0.414172839518097, 0.0780841473356276, 0.250127243612658, 0.109260056192247, 0.0624425464066658, 0.0312411516126196, 0.0546720153220844 },
{ 0.464016950390882, 0.0480017534887119, 0.234675239278147, 0.112004091473661, 0.0533352816541244, 0.0319878849870813, 0.0559787987273923 },
{ 0.474058280028429, 0.0326936744847193, 0.239802323496005, 0.114451108941275, 0.0490504752605464, 0.0327069591960093, 0.0572371785930162 },
{ 0.408392162396548, 0.0832775089181101, 0.233389648492296, 0.1166357127738, 0.0666377405639701, 0.0333335370382819, 0.0583336898169933 },
{ 0.458994454860444, 0.0509993838733827, 0.220966942488224, 0.118910384052258, 0.0566299642911563, 0.0339995892489218, 0.0594992811856131 },
{ 0.42485204024685, 0.0866903000997067, 0.202480201025767, 0.121304485187921, 0.0693371160677329, 0.0346675844989176, 0.0606682728731057 },
{ 0.344518918611432, 0.123180167435257, 0.230137553070256, 0.123054509764476, 0.0820782257332442, 0.0352838637764857, 0.06174676160885 },
{ 0.332653400623171, 0.125455028896557, 0.234169259175788, 0.125296940915451, 0.0835839899373361, 0.0359423201642536, 0.0628990602874438 },
{ 0.349489468224772, 0.145964152876048, 0.184157193638073, 0.128086880022142, 0.0913591553674199, 0.0367065999532895, 0.0642365499182567 },
{ 0.355249707272104, 0.112085502659543, 0.218458708713318, 0.130555884753859, 0.0808804624711338, 0.0373708124109248, 0.0653989217191183 },
{ 0.340781368685721, 0.113645077711939, 0.227240378255162, 0.13229330318066, 0.0819861178884944, 0.0378377288283724, 0.0662160254496516 },
{ 0.345173472172717, 0.114963760649436, 0.217400835459148, 0.134032052268671, 0.0829919559275573, 0.0383410630990799, 0.0670968604233898 },
{ 0.366549940299931, 0.0964415341179487, 0.218920585777307, 0.134875073078908, 0.0771110517202813, 0.0385824781838634, 0.067519336821761 },
{ 0.371720723437726, 0.0975106615007323, 0.208670860249498, 0.1365790347162, 0.0780243746815617, 0.0390888528779207, 0.0684054925363613 },
{ 0.316121804891456, 0.156375425647309, 0.184325609963347, 0.137152453595789, 0.097842626414366, 0.0393389379955395, 0.0688431414921941 },
{ 0.376349221530042, 0.0990201034527755, 0.198228317261779, 0.138367245670343, 0.0791291163743729, 0.039602180258432, 0.0693038154522559 },
{ 0.356814288879133, 0.11836886860358, 0.191698604588367, 0.138537487626266, 0.0856486349331256, 0.0396116783161919, 0.0693204370533358 },
{ 0.378966770995812, 0.0993558560986801, 0.193004028653535, 0.139418749977538, 0.0796025785793796, 0.0398734602527473, 0.0697785554423077 },
},
{
{ 0.404336106489185, 0.079861697171381, 0.322796272878536, 0.0698805324459235, 0.0499140765391015, 0.0266222961730449, 0.0465890183028286 },
{ 0.400108594933225, 0.0800126167550439, 0.326643337726942, 0.0699898585355801, 0.0499919466440612, 0.0266376892382357, 0.0466159561669125 },
{ 0.40016919661755, 0.0800222347649448, 0.326691270563374, 0.0700002433873031, 0.0499986308973977, 0.0265885177343384, 0.0465299060350922 },
{ 0.401521856712012, 0.0802978467345672, 0.324560828262462, 0.0702611930695933, 0.0501863466013868, 0.0266079740436286, 0.0465639545763501 },
{ 0.402991190897831, 0.0805864107340661, 0.322389299038337, 0.0705171643725581, 0.0503678583688747, 0.0265993005775757, 0.0465487760107574 },
{ 0.416071777514011, 0.0710332441294757, 0.321254471213321, 0.0710068805619086, 0.047338934839771, 0.0266526151787319, 0.0466420765627809 },
{ 0.407346581644632, 0.0814597031947346, 0.315791704640701, 0.0713052805933514, 0.0509305290727535, 0.0266058912195735, 0.0465603096342537 },
{ 0.410404731167646, 0.0820726767704611, 0.311223465538564, 0.0718138230214476, 0.0512954999306362, 0.0266144740259073, 0.0465753295453377 },
{ 0.434135233076449, 0.0620136339730041, 0.313542244854074, 0.0723533742082021, 0.0447890027270687, 0.026606004058619, 0.0465605071025833 },
{ 0.458322676649073, 0.0416656978771885, 0.31586412146295, 0.0728917203376038, 0.0381813773196972, 0.0265725114012682, 0.0465018949522193 },
{ 0.495069335391658, 0.0105333901147161, 0.31941191344388, 0.0737104415639722, 0.0280801682148466, 0.026616273189428, 0.046578478081499 },
{ 0.462505912490489, 0.0425227777906988, 0.308431645097733, 0.0744485385732275, 0.0389948682439953, 0.0265804573832204, 0.0465158004206357 },
{ 0.451054920763257, 0.0536950403814497, 0.304194245183729, 0.0751473069382964, 0.0429419215133783, 0.026533296443596, 0.046433268776293 },
{ 0.473392759324735, 0.0326477765051541, 0.308434174924888, 0.0762013843932075, 0.036286373520575, 0.0265591023023422, 0.0464784290290988 },
{ 0.430421429392477, 0.0662082394878558, 0.305255206787837, 0.0772236291938115, 0.0478039794823411, 0.0265772784202466, 0.0465102372354315 },
{ 0.536058545190481, 0, 0.286727524131322, 0.0781984156721788, 0.0260661385573929, 0.0265270459813183, 0.0464223304673071 },
{ 0.442681712578825, 0.056754065715234, 0.302698944573515, 0.0794477464321275, 0.0454006040491205, 0.0265516096913375, 0.0464653169598407 },
{ 0.387319657535187, 0.0809067939736164, 0.323726675466768, 0.0808998575200864, 0.0539355504979009, 0.0266223509114334, 0.0465891140950084 },
{ 0.393926043459904, 0.0940219933780547, 0.297812147101104, 0.0822547967119606, 0.0587500566821967, 0.0266308955151927, 0.0466040671515873 },
{ 0.381980010970835, 0.0954329112580076, 0.306356182975904, 0.083521848935689, 0.0596515867312322, 0.0265663487739387, 0.0464911103543927 },
{ 0.402428024178678, 0.085328344106872, 0.296729431453033, 0.0853332214754601, 0.056887188527444, 0.0266522873667321, 0.0466415028917812 },
{ 0.434380406402301, 0.0620376073930065, 0.293804280872993, 0.0868914897866787, 0.0496485793895976, 0.0266318676928813, 0.0466057684625423 },
{ 0.467697320300552, 0.0379214043486934, 0.290675192233526, 0.0884443339317774, 0.0421185880710154, 0.0265975131325221, 0.0465456479819137 },
{ 0.450557769685543, 0.051492029649891, 0.287574541525449, 0.090133451397349, 0.0472129196777417, 0.0265561047505552, 0.0464731833134716 },
{ 0.506085997721695, 0.0131450908499141, 0.280570306973408, 0.0920621319756494, 0.0350712883716759, 0.0265691578573303, 0.046496026250328 },
{ 0.39519205961267, 0.0936848976853993, 0.281354828641452, 0.0936335996197947, 0.0624317731494234, 0.0268010331968223, 0.046901808094439 },
{ 0.45887519112199, 0.0547910675966555, 0.264919036446673, 0.0958840189845079, 0.0502294510611624, 0.0273822671960041, 0.0479189675930072 },
{ 0.379449954066797, 0.0982773089475953, 0.281167835886462, 0.0982972246073607, 0.0655326073389306, 0.0281000251464928, 0.0491750440063623 },
{ 0.364466814085302, 0.114129478731601, 0.271606916563056, 0.0999114388174139, 0.0713469725163382, 0.0285594106495596, 0.0499789686367293 },
{ 0.352273565032357, 0.11720844639312, 0.273922143854589, 0.102607448768303, 0.0732719650538076, 0.0293514294173901, 0.0513650014804327 },
{ 0.389206612663598, 0.089707817432632, 0.269336277623951, 0.104687680952309, 0.0647918691721101, 0.029916269874691, 0.0523534722807092 },
{ 0.414341176060866, 0.0766443511808437, 0.255841066476338, 0.107396268984891, 0.0613524152794806, 0.0306998989154839, 0.0537248231020969 },
{ 0.414165057625734, 0.0780908524946236, 0.250103260714307, 0.109277315922861, 0.0624505342290713, 0.031241083277601, 0.0546718957358018 },
{ 0.464016950390882, 0.0480017534887119, 0.234675239278147, 0.112004091473661, 0.0533352816541244, 0.0319878849870813, 0.0559787987273923 },
{ 0.474058280028429, 0.0326936744847193, 0.239802323496005, 0.114451108941275, 0.0490504752605464, 0.0327069591960093, 0.0572371785930162 },
{ 0.408378254804324, 0.0832903239068152, 0.233401241004826, 0.116624786874171, 0.0666383702603288, 0.0333334629634671, 0.0583335601860674 },
{ 0.458994454860444, 0.0509993838733827, 0.220982802779857, 0.118898488833533, 0.0566259992182479, 0.0339995892489218, 0.0594992811856131 },
{ 0.424852832110694, 0.0866896265299286, 0.202470997857081, 0.121311450733704, 0.0693392133501708, 0.0346675925157897, 0.060668286902632 },
{ 0.344512975496868, 0.123187347924298, 0.230120294915756, 0.123064867222956, 0.0820840717157514, 0.0352837973543165, 0.0617466453700539 },
{ 0.332666176807791, 0.12544255009666, 0.23416074424418, 0.125306379143785, 0.0835829764134818, 0.0359422448342186, 0.0628989284598826 },
{ 0.349524028419997, 0.145942746139528, 0.184135261103177, 0.128098881627039, 0.0913560190313365, 0.0367065686105175, 0.0642364950684056 },
{ 0.355252444678575, 0.112083612501791, 0.218507890320788, 0.130518850058495, 0.0808674875200952, 0.0373708054255476, 0.0653989094947084 },
{ 0.340779976740338, 0.113664043481256, 0.227253078728133, 0.132266347303206, 0.081983455630174, 0.0378374902243247, 0.0662156078925682 },
{ 0.345186355036972, 0.114957000152754, 0.217421077364691, 0.13401413572015, 0.0829837306367838, 0.038340982214054, 0.0670967188745946 },
{ 0.366553009694496, 0.0964401893137212, 0.21892592432697, 0.134869948196843, 0.0771088950812676, 0.0385825575951645, 0.0675194757915378 },
{ 0.37174183792258, 0.0974952135204903, 0.208673030539642, 0.136577186594198, 0.0780186101892877, 0.0390887713577461, 0.0684053498760557 },
{ 0.31607496100357, 0.156410714188538, 0.184276631377173, 0.137188888277677, 0.0978665341554049, 0.0393390076355047, 0.0688432633621332 },
{ 0.37631642136942, 0.0990613392064041, 0.1982029385507, 0.138369929800101, 0.0791437563355016, 0.0396020417228631, 0.0693035730150103 },
{ 0.356809673407352, 0.118375050661046, 0.191715501857973, 0.138521926481873, 0.0856455092593181, 0.0396117593936137, 0.069320578938824 },
{ 0.378967119278771, 0.0993558429063482, 0.192987256175646, 0.139431092236748, 0.0796066882668726, 0.0398734549584048, 0.0697785461772085 },
},
{
{ 0.40433373739326, 0.0798629004900433, 0.322797026475676, 0.0698805370968743, 0.0499144791956392, 0.0266222979449117, 0.0465890214035954 },
{ 0.400109168382115, 0.0800122113179438, 0.326644382503885, 0.0699890539355838, 0.049991543343351, 0.0266376874607718, 0.0466159530563506 },
{ 0.400168482989406, 0.0800230324090729, 0.326690659625793, 0.0700004410636117, 0.0499989625825439, 0.0265885168471171, 0.0465299044824549 },
{ 0.401522144413017, 0.0802976432906819, 0.32456162043144, 0.0702605884472147, 0.0501860772459655, 0.0266079731533384, 0.0465639530183423 },
{ 0.402992514114033, 0.0805852045020363, 0.322393339658864, 0.0705143458847176, 0.0503665167955846, 0.0265993014708232, 0.0465487775739406 },
{ 0.416071402684604, 0.0710338409911436, 0.321254890281307, 0.0710062598701497, 0.0473389268310909, 0.0266526106697106, 0.0466420686719935 },
{ 0.407347104687301, 0.0814595023007847, 0.315794975149062, 0.071302634471645, 0.0509295800456652, 0.0266058921256516, 0.0465603112198903 },
{ 0.410408256294777, 0.0820701807181169, 0.311224158604046, 0.0718131779568806, 0.0512944528916658, 0.0266144631034597, 0.0465753104310544 },
{ 0.434134317755517, 0.0620144630243046, 0.313543978395924, 0.0723519296005108, 0.0447887975416051, 0.0266060049753229, 0.0465605087068151 },
{ 0.458322676649073, 0.0416656978771885, 0.31586412146295, 0.0728917203376038, 0.0381813773196972, 0.0265725114012682, 0.0465018949522193 },
{ 0.495069335391658, 0.0105333901147161, 0.31941191344388, 0.0737104415639722, 0.0280801682148466, 0.026616273189428, 0.046578478081499 },
{ 0.462506975708784, 0.0425217145724035, 0.308431999614583, 0.0744485385732275, 0.038994513727145, 0.0265804573832204, 0.0465158004206357 },
{ 0.451052708385847, 0.0536967509983151, 0.304192483914191, 0.0751485845151704, 0.04294291740186, 0.0265332926489513, 0.0464332621356647 },
{ 0.473392759324735, 0.0326477765051541, 0.308434174924888, 0.0762013843932075, 0.036286373520575, 0.0265591023023422, 0.0464784290290988 },
{ 0.430417677079423, 0.0662119918009096, 0.30525807533994, 0.0772205399838543, 0.0478042001401951, 0.0265772784202466, 0.0465102372354315 },
{ 0.536058545190481, 0, 0.286727524131322, 0.0781984156721788, 0.0260661385573929, 0.0265270459813183, 0.0464223304673071 },
{ 0.442681712578825, 0.056754065715234, 0.302700760703618, 0.0794463843345503, 0.0454001500165948, 0.0265516096913375, 0.0464653169598407 },
{ 0.387323438933796, 0.0809044506452196, 0.323728862866266, 0.0808977454093912, 0.0539340653515369, 0.0266223406522874, 0.0465890961415029 },
{ 0.393923865313325, 0.0940245652886213, 0.297802148489981, 0.0822613661672183, 0.0587531035614134, 0.0266308913379783, 0.0466040598414621 },
{ 0.381981252275145, 0.0954312821295837, 0.306357669668013, 0.0835214080885541, 0.0596508967393793, 0.0265663603997547, 0.0464911306995708 },
{ 0.402426211521965, 0.0853298107856562, 0.296730256408321, 0.0853324933384887, 0.0568874347080483, 0.0266522884500074, 0.0466415047875129 },
{ 0.434380654611308, 0.0620373591839996, 0.29380303949506, 0.086892482889025, 0.0496488276651842, 0.0266318676928813, 0.0466057684625423 },
{ 0.467697320300552, 0.0379214043486934, 0.290677888157457, 0.0884423119888291, 0.0421179140900326, 0.0265975131325221, 0.0465456479819137 },
{ 0.450557769685543, 0.051492029649891, 0.287574198155015, 0.0901337089251749, 0.0472130055203503, 0.0265561047505552, 0.0464731833134716 },
{ 0.506085997721695, 0.0131450908499141, 0.280570306973408, 0.0920621319756494, 0.0350712883716759, 0.0265691578573303, 0.046496026250328 },
{ 0.395189719270177, 0.0936873253124921, 0.281348183585859, 0.0936379013221799, 0.0624340160590493, 0.0268010379819066, 0.0469018164683366 },
{ 0.45887519112199, 0.0547910675966555, 0.264916844273305, 0.0958856631145339, 0.0502299991045043, 0.0273822671960041, 0.0479189675930072 },
{ 0.379470021568661, 0.0982631071870301, 0.281173397762165, 0.0982922946780281, 0.0655262289871827, 0.0280999817516122, 0.0491749680653213 },
{ 0.364459281058748, 0.114137160737006, 0.271618744228168, 0.0999005526634623, 0.0713459044668228, 0.0285594024893795, 0.0499789543564141 },
{ 0.352299211385568, 0.117190591387477, 0.273929769179741, 0.10260048025867, 0.0732636905487157, 0.0293513662690281, 0.0513648909707992 },
{ 0.389197675356161, 0.089713709434396, 0.2693351977565, 0.104689366744377, 0.0647943946679107, 0.0299162385602383, 0.0523534174804169 },
{ 0.414333372163072, 0.0766520267459237, 0.255840670312224, 0.107394739813018, 0.0613544646322103, 0.030699900484928, 0.0537248258486239 },
{ 0.41416599525604, 0.0780899148643186, 0.250121905183296, 0.10926356692897, 0.0624456387539737, 0.031241083277601, 0.0546718957358018 },
{ 0.464016950390882, 0.0480017534887119, 0.234675239278147, 0.112004091473661, 0.0533352816541244, 0.0319878849870813, 0.0559787987273923 },
{ 0.474058280028429, 0.0326936744847193, 0.239802323496005, 0.114451108941275, 0.0490504752605464, 0.0327069591960093, 0.0572371785930162 },
{ 0.408378497387824, 0.0832899720632309, 0.233395300227212, 0.116629427641235, 0.0666397999014885, 0.0333334555560037, 0.0583335472230065 },
{ 0.458994454860444, 0.0509993838733827, 0.220990506350079, 0.118892711155867, 0.0566240733256925, 0.0339995892489218, 0.0594992811856131 },
{ 0.424851048945101, 0.0866913505484823, 0.202476986940624, 0.121306580461741, 0.0693381647088306, 0.0346675885073532, 0.060668279887868 },
{ 0.344506118757843, 0.123190950098755, 0.230143844003617, 0.123048702975763, 0.0820798843581729, 0.0352838181112175, 0.0617466816946307 },
{ 0.332680546301457, 0.125432895574686, 0.234153597023343, 0.125310377249933, 0.0835810909415396, 0.0359423610578334, 0.0628991318512084 },
{ 0.349500091674134, 0.145957020555334, 0.184163230001571, 0.128081601104389, 0.0913550178573914, 0.0367065595662474, 0.0642364792409329 },
{ 0.355258281034965, 0.112079395497373, 0.218500458510466, 0.130524335689982, 0.080867910395785, 0.0373707704987012, 0.0653988483727271 },
{ 0.340790608313056, 0.113642227512434, 0.227260167809249, 0.132274519393647, 0.0819789063926839, 0.0378376620287018, 0.0662159085502281 },
{ 0.345189327279648, 0.114954220794179, 0.217409268687601, 0.134023607972433, 0.0829859617620841, 0.0383409503651109, 0.067096663138944 },
{ 0.366551625096558, 0.0964407996967892, 0.218929031260348, 0.134868179103472, 0.0771085088794107, 0.0385824930776081, 0.0675193628858142 },
{ 0.371725113499927, 0.0975011180246967, 0.208674346101313, 0.136582481714858, 0.0780223430630814, 0.0390889445804087, 0.0684056530157153 },
{ 0.316054122844459, 0.156423203035411, 0.184306289613735, 0.137169427949308, 0.0978642103282396, 0.0393391804468538, 0.0688435657819941 },
{ 0.376320729311874, 0.0990550944113547, 0.198218830524226, 0.138360949182613, 0.0791386811979893, 0.0396020783170701, 0.0693036370548726 },
{ 0.356835700338435, 0.118350002068115, 0.191729465588208, 0.138517054251963, 0.0856355328620184, 0.0396117254150035, 0.0693205194762561 },
{ 0.378969808852073, 0.0993538235140336, 0.192977768211335, 0.139438232429813, 0.0796083949760042, 0.0398734443697242, 0.0697785276470173 },
},
{
{ 0.404334908485857, 0.0798622961730449, 0.322797470881864, 0.0698799334442596, 0.0499140765391015, 0.0266222961730449, 0.0465890183028286 },
{ 0.400108308208752, 0.0800128194736142, 0.326644148554809, 0.0699892609233253, 0.0499918149903387, 0.0266376901269678, 0.0466159577221936 },
{ 0.400170163630402, 0.0800216478589281, 0.326689991568269, 0.0700010550963719, 0.0499987058967435, 0.0265885221633763, 0.0465299137859086 },
{ 0.401526548401757, 0.0802948703032742, 0.324561370952501, 0.0702602198451312, 0.0501850300494685, 0.0266079856174067, 0.0465639748304618 },
{ 0.402989524848056, 0.0805878103369033, 0.322389658712277, 0.0705167519208881, 0.0503681874192638, 0.026599297004586, 0.0465487697580256 },
{ 0.416072158161203, 0.0710336284091635, 0.321255793597383, 0.0710052357866524, 0.0473385146325286, 0.0266526070592979, 0.0466420623537714 },
{ 0.40734278975191, 0.0814623868043129, 0.315796461889158, 0.0713018485485381, 0.0509302798864831, 0.0266059029525811, 0.0465603301670169 },
{ 0.410406904126678, 0.0820710183489276, 0.311222717684429, 0.0718144238780847, 0.0512951474090041, 0.0266144685646823, 0.0465753199881941 },
{ 0.434133697569541, 0.0620150832102806, 0.313541842199785, 0.0723533767011215, 0.044789486637134, 0.0266060049753229, 0.0465605087068151 },
{ 0.458322676649073, 0.0416656978771885, 0.31586412146295, 0.0728917203376038, 0.0381813773196972, 0.0265725114012682, 0.0465018949522193 },
{ 0.495069335391658, 0.0105333901147161, 0.31941191344388, 0.0737104415639722, 0.0280801682148466, 0.026616273189428, 0.046578478081499 },
{ 0.46250336076658, 0.0425253295146076, 0.308430794257292, 0.0744485385732275, 0.0389957190844361, 0.0265804573832204, 0.0465158004206357 },
{ 0.451052708385847, 0.0536967509983151, 0.304191911325736, 0.0751490139565119, 0.0429430605489738, 0.0265332926489513, 0.0464332621356647 },
{ 0.473392759324735, 0.0326477765051541, 0.308434174924888, 0.0762013843932075, 0.036286373520575, 0.0265591023023422, 0.0464784290290988 },
{ 0.430419001425207, 0.0662106674551259, 0.305260281918481, 0.0772192160367298, 0.0478033175087788, 0.0265772784202466, 0.0465102372354315 },
{ 0.536058545190481, 0, 0.286727524131322, 0.0781984156721788, 0.0260661385573929, 0.0265270459813183, 0.0464223304673071 },
{ 0.442681712578825, 0.056754065715234, 0.302697431131762, 0.0794488815134418, 0.0454009824095586, 0.0265516096913375, 0.0464653169598407 },
{ 0.387323748577299, 0.0809042599604661, 0.32372409245372, 0.0809012541635889, 0.053935171374685, 0.0266223539891788, 0.0465891194810628 },
{ 0.393917506822896, 0.094029999573642, 0.29780748047099, 0.0822566870681179, 0.0587533547771916, 0.0266308986498774, 0.0466040726372855 },
{ 0.381990322827576, 0.0954255533596271, 0.306351781765557, 0.0835247498710288, 0.0596501010768853, 0.0265663603997547, 0.0464911306995708 },
{ 0.402431129041429, 0.0853254038136043, 0.296734504447265, 0.0853300373130097, 0.0568851470422047, 0.0266522830336318, 0.0466414953088557 },
{ 0.434381399238329, 0.0620366145569789, 0.293803287770646, 0.086892482889025, 0.0496485793895976, 0.0266318676928813, 0.0466057684625423 },
{ 0.467697320300552, 0.0379214043486934, 0.290680584081388, 0.0884402900458807, 0.0421172401090498, 0.0265975131325221, 0.0465456479819137 },
{ 0.450557512224107, 0.0514922871113265, 0.287574799053275, 0.0901331938695232, 0.0472129196777417, 0.0265561047505552, 0.0464731833134716 },
{ 0.506085997721695, 0.0131450908499141, 0.280570306973408, 0.0920621319756494, 0.0350712883716759, 0.0265691578573303, 0.046496026250328 },
{ 0.395190684944874, 0.0936862287109065, 0.2813540893608, 0.0936338590725641, 0.0624323031990828, 0.0268010308042808, 0.0469018039074913 },
{ 0.45887519112199, 0.0547910675966555, 0.264922690068953, 0.095881278767798, 0.0502285376555924, 0.0273822671960041, 0.0479189675930072 },
{ 0.379468054443599, 0.0982636691539494, 0.281176864154214, 0.0982906082468725, 0.0655258542101597, 0.0280999817422566, 0.0491749680489491 },
{ 0.364467818140734, 0.114130292431239, 0.271614432461677, 0.0999042575927302, 0.0713448500079896, 0.0285593997693205, 0.0499789495963108 },
{ 0.352268456418273, 0.117212024281032, 0.27393645789429, 0.102596937210305, 0.073269653830446, 0.0293514437693285, 0.0513650265963248 },
{ 0.389215915548232, 0.089702470302968, 0.269328817817493, 0.104691617833423, 0.0647913994844657, 0.0299162832776065, 0.0523534957358113 },
{ 0.414337668285312, 0.0766477306236833, 0.255845376609631, 0.107392284353501, 0.06135221379432, 0.030699900484928, 0.0537248258486239 },
{ 0.41417484420326, 0.0780822964699014, 0.250111802035451, 0.109271964494373, 0.0624458990163427, 0.0312411613747896, 0.0546720324058817 },
{ 0.464016950390882, 0.0480017534887119, 0.234675239278147, 0.112004091473661, 0.0533352816541244, 0.0319878849870813, 0.0559787987273923 },
{ 0.474058280028429, 0.0326936744847193, 0.239802323496005, 0.114451108941275, 0.0490504752605464, 0.0327069591960093, 0.0572371785930162 },
{ 0.408378087265779, 0.0832910923766944, 0.233382748400714, 0.116637929482751, 0.0666430072864817, 0.0333335037045745, 0.0583336314830054 },
{ 0.458994454860444, 0.0509993838733827, 0.220981443326289, 0.11889950842371, 0.0566263390816401, 0.0339995892489218, 0.0594992811856131 },
{ 0.42485001146564, 0.0866919739990461, 0.202482026176898, 0.121303013535537, 0.0693371835899891, 0.0346675604483234, 0.0606682307845659 },
{ 0.344544141703505, 0.123156929311321, 0.230151191940284, 0.123048567167824, 0.0820684988263817, 0.0352838803820671, 0.0617467906686173 },
{ 0.332716789888642, 0.125401198800171, 0.234175223082834, 0.125298081383008, 0.0835664267277264, 0.0359426473154974, 0.0628996328021204 },
{ 0.34950451124579, 0.145958632203692, 0.184156587303959, 0.128081772403067, 0.0913556122703565, 0.03670650348114, 0.0642363810919951 },
{ 0.355257742408477, 0.112079776321691, 0.218482527756302, 0.130537802098717, 0.0808725261401359, 0.0373707728271556, 0.0653988524475223 },
{ 0.340771648046908, 0.113656725521994, 0.227278190139072, 0.132260645482336, 0.0819791152747604, 0.0378377001945196, 0.0662159753404092 },
{ 0.345195926523013, 0.114949966518886, 0.217416610437044, 0.134017431614515, 0.0829824851303726, 0.0383409381004255, 0.0670966416757446 },
{ 0.366552010897222, 0.0964400280405431, 0.218941508392479, 0.134859303598491, 0.0771052931148668, 0.0385824930750539, 0.0675193628813443 },
{ 0.37176779149403, 0.0974777476245536, 0.208685226111185, 0.136566260581787, 0.0780091472092955, 0.0390886643560541, 0.0684051626230947 },
{ 0.316100758947407, 0.156389782484906, 0.184341312919022, 0.137142002924854, 0.0978439284699199, 0.0393389870014152, 0.0688432272524766 },
{ 0.376334863977581, 0.0990366056329671, 0.198244820487184, 0.138349242058173, 0.0791286158970466, 0.0396021279807449, 0.0693037239663036 },
{ 0.356808221953786, 0.118376415808951, 0.191710394111561, 0.138525631623081, 0.0856471995077272, 0.0396116861799614, 0.0693204508149325 },
{ 0.378989514467075, 0.0993342854442229, 0.192980413629128, 0.13944101431353, 0.079602807409019, 0.0398734417225549, 0.0697785230144711 },
},
{
{ 0.404334676262009, 0.0798623094612828, 0.322798190149449, 0.0698795457370292, 0.0499139517327707, 0.0266223006027122, 0.0465890260547464 },
{ 0.400108908329265, 0.0800124193701801, 0.326641682082733, 0.0699910607607919, 0.0499922816127463, 0.0266376901251939, 0.0466159577190893 },
{ 0.400170477074873, 0.0800214504451831, 0.326691802557222, 0.0699996573424033, 0.0499981741960343, 0.0265885230488306, 0.0465299153354536 },
{ 0.401523402695093, 0.0802968510088305, 0.324561663870158, 0.0702603970935757, 0.0501857493674687, 0.0266079767144996, 0.0465639592503743 },
{ 0.402992890027144, 0.0805851990896735, 0.322390295660459, 0.0705163560456973, 0.0503671850451236, 0.0265992996843282, 0.0465487744475743 },
{ 0.416071836743219, 0.0710334398759457, 0.321256873307218, 0.0710048444212873, 0.0473383213536327, 0.0266526124722534, 0.0466420718264435 },
{ 0.407348040064019, 0.0814586710378347, 0.315795997416124, 0.0713020087458432, 0.0509290942922555, 0.0266058867068811, 0.0465603017370419 },
{ 0.410409137576108, 0.0820695567053509, 0.311223853076185, 0.0718133757864281, 0.051294310830593, 0.0266144603728491, 0.046575305652486 },
{ 0.434132457197589, 0.0620163235822325, 0.313541704380679, 0.0723531699724628, 0.0447898311848984, 0.0266060049753229, 0.0465605087068151 },
{ 0.458322676649073, 0.0416656978771885, 0.315864399145694, 0.0728915120755457, 0.0381813078990112, 0.0265725114012682, 0.0465018949522193 },
{ 0.495069335391658, 0.0105333901147161, 0.31941191344388, 0.0737104415639722, 0.0280801682148466, 0.026616273189428, 0.046578478081499 },
{ 0.462505487203171, 0.042523203078017, 0.308431503290993, 0.0744485385732275, 0.0389950100507354, 0.0265804573832204, 0.0465158004206357 },
{ 0.451052708385847, 0.0536967509983151, 0.304193629091102, 0.0751477256324874, 0.0429426311076323, 0.0265332926489513, 0.0464332621356647 },
{ 0.473392759324735, 0.0326477765051541, 0.308434174924888, 0.0762013843932075, 0.036286373520575, 0.0265591023023422, 0.0464784290290988 },
{ 0.43041789780372, 0.0662117710766123, 0.305257266261142, 0.0772212019574165, 0.0478043472454312, 0.0265772784202466, 0.0465102372354315 },
{ 0.536058545190481, 0, 0.286727524131322, 0.0781984156721788, 0.0260661385573929, 0.0265270459813183, 0.0464223304673071 },
{ 0.442681712578825, 0.056754065715234, 0.302702879522071, 0.0794447952207103, 0.0453996203119814, 0.0265516096913375, 0.0464653169598407 },
{ 0.387325881617524, 0.0809023728276033, 0.323722709607097, 0.0809026040426407, 0.0539349922900813, 0.0266223416782016, 0.0465890979368528 },
{ 0.393925347477409, 0.0940231433291909, 0.297806658436319, 0.0822583004011542, 0.058751607787113, 0.0266308882068414, 0.0466040543619724 },
{ 0.381994654251233, 0.0954213251130123, 0.306358048182359, 0.0835209905001253, 0.0596474385377125, 0.0265663794238393, 0.0464911639917187 },
{ 0.402431998937533, 0.0853246756764336, 0.296733622323828, 0.0853307723864253, 0.0568851493542863, 0.0266522841169068, 0.0466414972045868 },
{ 0.434381399238329, 0.0620366145569789, 0.293806267077685, 0.0868902484087459, 0.0496478345628379, 0.0266318676928813, 0.0466057684625423 },
{ 0.467697320300552, 0.0379214043486934, 0.290677214176474, 0.0884428174745661, 0.0421180825852783, 0.0265975131325221, 0.0465456479819137 },
{ 0.450557512224107, 0.0514922871113265, 0.287574112312406, 0.0901337089251749, 0.0472130913629589, 0.0265561047505552, 0.0464731833134716 },
{ 0.506085997721695, 0.0131450908499141, 0.280570306973408, 0.0920621319756494, 0.0350712883716759, 0.0265691578573303, 0.046496026250328 },
{ 0.395191312183535, 0.0936853832609208, 0.281368247050711, 0.0936236404469013, 0.0624286152435886, 0.0268010188415796, 0.0469017829727642 },
{ 0.45887519112199, 0.0547910675966555, 0.264917940359989, 0.0958848410495209, 0.0502297250828334, 0.0273822671960041, 0.0479189675930072 },
{ 0.379470341386147, 0.0982615040028901, 0.28118515846754, 0.0982847887194784, 0.0655231924796523, 0.028100005434288, 0.049175009510004 },
{ 0.364466368139157, 0.114130044749746, 0.271619570839562, 0.0999017193565605, 0.0713439213687688, 0.0285594092895293, 0.0499789662566762 },
{ 0.352274479626323, 0.117207871092834, 0.273936839705972, 0.102596310314405, 0.0732680604690797, 0.0293514322877767, 0.0513650065036091 },
{ 0.389206742862239, 0.089708112245247, 0.269334169561609, 0.104688872637141, 0.0647923646494696, 0.0299162683797435, 0.0523534696645512 },
{ 0.414345953663919, 0.0766394452450767, 0.255851822190863, 0.107389521961545, 0.061348530605045, 0.030699900484928, 0.0537248258486239 },
{ 0.414182065303348, 0.0780754855554493, 0.250116385141852, 0.109269868200756, 0.0624429304285954, 0.0312411874072725, 0.0546720779627269 },
{ 0.464016950390882, 0.0480017534887119, 0.234675239278147, 0.112004091473661, 0.0533352816541244, 0.0319878849870813, 0.0559787987273923 },
{ 0.474058280028429, 0.0326936744847193, 0.239802323496005, 0.114451108941275, 0.0490504752605464, 0.0327069591960093, 0.0572371785930162 },
{ 0.408378588138954, 0.0832899905721855, 0.233392463192912, 0.116631453566764, 0.0666404813796498, 0.0333334629634671, 0.0583335601860674 },
{ 0.458994454860444, 0.0509993838733827, 0.220978724419152, 0.118901547604062, 0.0566270188084244, 0.0339995892489218, 0.0594992811856131 },
{ 0.424853178919141, 0.0866892797214821, 0.202480825973786, 0.121304166364852, 0.0693366696023178, 0.0346675925157897, 0.060668286902632 },
{ 0.344492757399511, 0.123203359875556, 0.230158231288996, 0.123035699278902, 0.0820796863848193, 0.0352837330080786, 0.0617465327641376 },
{ 0.332682660803095, 0.125428839450483, 0.234166888505495, 0.12530272795622, 0.0835771891355678, 0.0359424342360505, 0.0628992599130884 },
{ 0.349551233227186, 0.145916792113327, 0.184183094958833, 0.128068506880236, 0.0913372412069641, 0.0367065933139835, 0.0642365382994711 },
{ 0.355265415985873, 0.11207448668357, 0.218483540375175, 0.130536615509116, 0.0808703673975621, 0.0373707541995285, 0.0653988198491749 },
{ 0.340786285156522, 0.113641606619843, 0.227286688015783, 0.132258399044697, 0.0819733259424636, 0.0378377073529787, 0.0662159878677127 },
{ 0.345191797352504, 0.114952296390832, 0.217418582787578, 0.134016699222925, 0.0829830174890877, 0.0383409479116631, 0.0670966588454104 },
{ 0.366549451619423, 0.0964435376943954, 0.218925899996966, 0.1348693888307, 0.0771098249442889, 0.03858250796881, 0.0675193889454176 },
{ 0.371757260231933, 0.0974856225550235, 0.208698115353903, 0.136556570198141, 0.0780085416121156, 0.0390886872905033, 0.0684052027583807 },
{ 0.31615676403799, 0.156343636726627, 0.184324186283917, 0.137159255826822, 0.0978342975178164, 0.0393388580388465, 0.0688430015679813 },
{ 0.376343944078778, 0.0990399018081095, 0.198247980197934, 0.138336987059776, 0.0791256296226284, 0.039602020811918, 0.0693035364208565 },
{ 0.356833922883811, 0.11835211481543, 0.191709610796523, 0.138531073824582, 0.085640910537295, 0.0396117698699487, 0.0693205972724103 },
{ 0.378980745233948, 0.0993430546773495, 0.193005666808886, 0.139419881389417, 0.0795986871533743, 0.0398734417225549, 0.0697785230144711 },
},
{
{ 0.404335820443788, 0.0798616998290083, 0.322797880958332, 0.0698795364352591, 0.0499137454214225, 0.0266222970589783, 0.046589019853212 },
{ 0.400109768502568, 0.0800118112145498, 0.326642982605062, 0.0699900538431159, 0.0499917433224604, 0.0266376874589979, 0.0466159530532463 },
{ 0.400168823086697, 0.0800230404038829, 0.326690025557142, 0.0700006480692391, 0.049999034248471, 0.0265885195034791, 0.0465299091310884 },
{ 0.401524031836257, 0.0802964548678253, 0.324562622456444, 0.0702595987665448, 0.0501853512114567, 0.0266079784950806, 0.046563962366391 },
{ 0.402998062602783, 0.0805811963562392, 0.322390672577383, 0.0705161782364743, 0.0503657915309045, 0.0265993086168058, 0.0465487900794101 },
{ 0.41607311375788, 0.0710322149097453, 0.321253459156267, 0.071007677717615, 0.047338857597727, 0.0266526097675513, 0.0466420670932148 },
{ 0.407348299005182, 0.081458071086694, 0.315797602231802, 0.0713012034823952, 0.0509286258220812, 0.0266058903170349, 0.0465603080548111 },
{ 0.410408550055241, 0.0820699727138473, 0.311224147960309, 0.0718131755008998, 0.051294382738249, 0.0266144621932561, 0.0465753088381982 },
{ 0.434135026347797, 0.0620138407016556, 0.313543278497332, 0.072352547293596, 0.0447887959984172, 0.026606004058619, 0.0465605071025833 },
{ 0.458322676649073, 0.0416656978771885, 0.31586412146295, 0.0728917203376038, 0.0381813773196972, 0.0265725114012682, 0.0465018949522193 },
{ 0.495069335391658, 0.0105333901147161, 0.31941191344388, 0.0737104415639722, 0.0280801682148466, 0.026616273189428, 0.046578478081499 },
{ 0.462506125134148, 0.0425225651470398, 0.308431716001103, 0.0744485385732275, 0.0389947973406252, 0.0265804573832204, 0.0465158004206357 },
{ 0.451052708385847, 0.0536967509983151, 0.304191625031508, 0.0751492286771827, 0.0429431321225307, 0.0265332926489513, 0.0464332621356647 },
{ 0.473392759324735, 0.0326477765051541, 0.308434174924888, 0.0762013843932075, 0.036286373520575, 0.0265591023023422, 0.0464784290290988 },
{ 0.430418118528017, 0.066211550352315, 0.305255574550927, 0.0772225259045411, 0.0478047150085213, 0.0265772784202466, 0.0465102372354315 },
{ 0.536058545190481, 0, 0.286727524131322, 0.0781984156721788, 0.0260661385573929, 0.0265270459813183, 0.0464223304673071 },
{ 0.442681712578825, 0.056754065715234, 0.302699549950216, 0.0794472923996017, 0.0454004527049452, 0.0265516096913375, 0.0464653169598407 },
{ 0.387323125761952, 0.0809049442526751, 0.323719816084944, 0.0809042506073221, 0.0539363982866657, 0.0266223509114334, 0.0465891140950084 },
{ 0.393927903240617, 0.0940207844479034, 0.297810396426306, 0.0822559431083315, 0.0587500359516963, 0.0266308861182352, 0.0466040507069116 },
{ 0.381992297655758, 0.0954241970925926, 0.306354332941442, 0.0835226680381494, 0.0596489550435807, 0.0265663815376281, 0.0464911676908492 },
{ 0.402429738695339, 0.0853273443564013, 0.29673625663316, 0.0853278320931214, 0.0568850588165076, 0.0266522797838076, 0.0466414896216632 },
{ 0.434379909984287, 0.0620381038110203, 0.293805108458281, 0.086890744959919, 0.0496484966310687, 0.0266318676928813, 0.0466057684625423 },
{ 0.467697320300552, 0.0379214043486934, 0.290676540195492, 0.0884433229603032, 0.042118251080524, 0.0265975131325221, 0.0465456479819137 },
{ 0.450557512224107, 0.0514922871113265, 0.287574799053275, 0.0901331938695232, 0.0472129196777417, 0.0265561047505552, 0.0464731833134716 },
{ 0.506085997721695, 0.0131450908499141, 0.280570306973408, 0.0920621319756494, 0.0350712883716759, 0.0265691578573303, 0.046496026250328 },
{ 0.395194322828323, 0.0936831145354326, 0.281366531560984, 0.09362485377724, 0.0624282636323014, 0.0268010595148072, 0.0469018541509126 },
{ 0.458875780946635, 0.0547905246905766, 0.264919151985093, 0.0958840277426084, 0.0502292729680181, 0.0273822696971159, 0.0479189719699528 },
{ 0.379475887163798, 0.0982588830232673, 0.281197168485121, 0.0982742972601604, 0.0655188214596436, 0.0280999791301855, 0.0491749634778245 },
{ 0.364466736634393, 0.114128686771084, 0.271638406472329, 0.0998886377733863, 0.07133910818149, 0.0285594269699339, 0.0499789971973843 },
{ 0.352312604576948, 0.117180974017111, 0.273941750957792, 0.102591184804656, 0.0732573862739224, 0.0293513088616621, 0.0513647905079086 },
{ 0.389201020083595, 0.0897115919715908, 0.269335529486955, 0.104688742150716, 0.06479348080559, 0.029916231091474, 0.0523534044100795 },
{ 0.414345033066296, 0.0766403658426996, 0.255847832069148, 0.107392284353501, 0.0613497583348033, 0.030699900484928, 0.0537248258486239 },
